112121, 131311, 191999, 222323, 272227, 272777, 323233, 333131, 343433, 383833, 434311, 442121, 444343, 472247
515111, 521251, 532523, 535333, 545141, 574547, 575557, 595229, 616111, 633161, 646433, 653563, 662323, 664141, 674647, 692269
727211, 733373, 737131, 752527, 757151, 767161, 767633, 767677, 774343, 775757, 777373, 797977, 799979
814841, 815851, 821281, 823283, 836863, 838553, 858757, 874847, 878777, 882727, 885959, 887171, 898889
919111, 932923, 938983, 944393, 946469, 959533, 965659, 968689, 969767, 974749, 979373, 982829
991313, 991717, 994141, 994949, 995959, 996161, 998989


10101551, 10103311, 10103377, 10104433, 10105577, 10106611, 10106633, 10107667, 10107887, 10109779, 10109933, 10181081
10210121, 10221077, 10494109, 10991011, 11474117, 11535113, 11595119, 11611363, 11811383, 11878117, 11898119, 11939113
12121331, 12121661, 12121771, 12125599, 12126677, 12127447, 12127733, 12127799, 12129889, 12212929, 12321223, 12412949
12414121, 12535123, 12911219, 13131199, 13131661, 13132277, 13133311, 13133663, 13136677, 13137337, 13138877, 13213121
13413343, 13494139, 13513151, 13554413, 13588513, 13613969, 13644613, 13755713, 13813181, 13884413, 13991333, 13997713
21132311, 26211611, 34412123, 44132213, 55132213, 71157511, 81168611, 81283123, 81328213, 91066109, 91129211


1010103103, 1010221313, 1010811811, 1011104411, 1011221011, 1051351013, 1081381013, 1111011101, 1155101011, 1177101011
1210101121, 1211129119, 1212109109, 1212115511, 1212118811, 1212121121, 1212311311, 1212611611, 1222121111, 1231012103
1271212127, 1310101399, 1310103133, 1310106613, 1311118813, 1311131111, 1311132211, 1311551113, 1312131211, 1312131277
1312331213, 1312661213, 1313117711, 1313131333, 1313132213, 1313441111, 1313912129, 1344121213, 1366131313, 1399131313, 9101010109


111113111311, 121012101313, 121111111211, 121313131213, 131010111311, 131311131113


[1, 1, 8], [1, 1, 11], [1, 1, 12], [1, 2, 2], [1, 2, 11], [1, 4, 11], [1, 5, 5], [1, 5, 11], [1, 6, 6], [1, 7, 11]
[1, 8, 8], [1, 8, 11], [1, 11, 11], [2, 2, 9], [2, 2, 13], [2, 4, 11], [2, 7, 11], [2, 9, 9]
[3, 3, 10], [3, 3, 11], [3, 3, 13], [3, 5, 5], [3, 8, 8], [3, 11, 11], [4, 4, 9], [4, 4, 11], [4, 5, 11], [4, 8, 11], [4, 11, 11]
[5, 5, 9], [5, 5, 13], [5, 6, 11], [5, 13, 13], [6, 6, 7], [6, 6, 11], [6, 6, 13], [6, 9, 11], [6, 11, 11]
[7, 7, 11], [7, 7, 12], [7, 8, 8], [7, 10, 12], [7, 11, 11], [8, 8, 13], [8, 13, 13], [9, 9, 10], [9, 9, 11], [9, 9, 13], [9, 11, 11]
[10, 10, 11], [10, 11, 11], [11, 12, 12], [12, 12, 13]
