99121011118
96611121013
95910101113
94111311610
91310331211
91271381311
91241191210
91226111110
91223101012
91210116313
91139121013
91131012106
91112813116
91071212611
86131212112
85101131011
83210121310
83111013121
81399101113
81391131013
81264111010
81238131112
81210212413
81171213310
81144101011
81111128311
81110109412
81061312123
81013610116
81011911513
79121112124
72125101210
71311861213
71310134134
71310102127
71251110211
71228121112
71213410213
71213131123
71112101233
71111137312
71110107211
71061210118
71013213211
71012110135
69131081311
68131312138
68123131210
67121312128
64134121213
64131091312
62111331112
61321311136
61313122123
61313115811
61311122125
61271213410
61232111011
61213613128
61212510112
61111941313
61111281313
61085101213
61031351011
61012313125
61011611011
56133131113
55119131110
55112131210
52211121313
51351021310
51251171212
51233121010
51213102613
51210124138
51169121011
51161171113
51110131168
51032121211
48412121311
47131312513
46411121011
45811131313
45131361313
45111231310
43131261211
43111121110
41344121110
41331012112
41312411101
41312110138
41311124410
41311111171
41310123139
41212310611
41212104109
41210512813
41113841212
41113139119
41112531013
41101141210
41051271313
41012213611
41012139913
41010351310
41010121066
39121013107
39101161312
38138111110
38112111010
37111213105
36101010412
34611101311
34101161113
33121311511
31361312911
31351310611
31313121712
31312241311
31281311104
31210311613
31121210125
31113911113
31012661212
31012512112
31012106410
31011110119
31010910913
31010581012
31010261110
31010102131
29111110813
28101312613
27121071010
27111010102
26111210119
26101213132
24111381010
23117111113
23101310104
22121281012
21610111111
21384111313
21312116110
21312101245
21310210510
21271011910
21157111111
21113131210
21112211137
21075101311
19810101211
19121312311
17111011912
16813111213
16212121213
14101212910
13971113101
13913213116
13913121211
13912127125
13911101146
13910121244
13875111211
13813681213
13812613132
13810131277
13715121010
13713121378
13712721013
13710131107
13681010512
13674111211
13671011128
13648131211
13612141210
13611991111
13611391111
13610121145
13571213512
13571110117
13531011124
13513121179
13512311212
13486111210
13479101212
13451110711
13412121364
13412106811
13384111312
13331310613
13321311613
13313111374
13311131242
13311121384
13310621110
13310121193
13251010123
13221361210
13138121281
13138107118
13138101028
13137510121
13136512105
13135310413
13132111399
13131376513
13131271135
13131234133
13131211087
13131012394
13131011755
13128103117
13127913310
13126910128
13125991012
13124111101
13121238103
13121173108
13121088811
13121013622
13119310132
13118351212
13117128127
13116122104
13115121244
13111213678
13111161283
13111133131
13110911413
13110712126
13104713611
13103131051
13101399118
13101363511
13101218212
13101101023
13101091174
13101052135
12941313712
12813513910
12812161213
12810521113
12791210104
12713131084
12711127213
12613101184
12612101512
12610310119
12610121191
12610106101
12591110512
12513910510
12512812114
12510105613
12411132910
12391213117
12313851310
12313121215
12310451212
12310123108
12211118134
12210109210
12181310212
12171011116
12139114114
12139101238
12133611913
12131810134
12131391373
12131379121
12131315512
12131311165
12131111665
12131035108
12131019610
12129810127
12129791110
12129137812
12129101197
12128104612
12126138109
12125313103
12122101255
12121387132
12121195411
12121110856
12121088311
12121018129
12121011892
12119131162
12119121157
12116101912
12114127810
12112106611
12111223132
12111213262
12111141085
12111110266
12111104104
12111010579
12108111097
12105611512
12104513128
12103561111
12101397136
12101361238
12101357131
12101311195
12101264122
12101233117
12101231812
12101112397
11941311124
11913731110
11818111012
11812713412
11811512119
11766101110
11721213913
11712139213
11711129113
11710711111
11641341211
11633101012
11612126116
11611412137
11611111375
11558121013
11513127106
11511841213
11411711134
11371011118
11312211118
11221211104
11213511412
11213121088
11211410110
11211131104
11181310129
11171391211
11141121010
11139913312
11139111352
11138115124
11138101210
11137121098
11135911102
11132581213
11132111245
11131381084
11131101910
11131059913
11131012222
11131011088
11127115102
11125881112
11124111316
11123110108
11121711310
11121113995
11121071251
11119713610
11119124101
11117911213
11113121155
11112126313
11111813611
11111383711
11111368210
11111014129
11110610911
11109124108
11104610413
11104127119
11104117510
11101291141
11101181173
11013661312
11013106123
11012951113
11012710126
11012135128
11012111512
11011132126
10971111712
10966121113
10913811310
10913212411
10911511129
10851281113
10812521011
10810126813
10741110115
10741031113
10731313213
10712610133
10712121211
10711612612
10710510910
10710117610
10691212129
10671010108
10661210911
10641212212
10632101110
10610113123
10610111254
10591221310
10591110211
10513691011
10513371013
10512641011
10512512911
10511511106
10511121211
10498111111
10481313127
10413124111
10412912611
10412104711
10381341013
10322131111
10312103119
10311510112
10311118105
10310111026
10291013134
10241313913
10213710610
10213119103
10211661013
10171241113
10139610610
10139139109
10137771313
10137641113
10134713107
10134710911
10134131299
10131391324
10131312628
10131238213
10131213349
10131137101
10131111154
10131110137
10131103813
10131064312
10131053413
10131013684
10129812313
10129111231
10128121174
10126311112
10125109312
10125108712
10124813107
10124410612
10123713118
10123101364
10121810107
10121113948
10117111168
10116711610
10111210672
10111123132
10111110481
10111025410
10109712112
10109101411
10108138612
10107135211
10107105118
10106931010
10103114311
10102112116
10101312775
10101245134
10101123133
