11113, 11117, 11119, 11149, 11159, 11161, 11177
11239, 11243, 11251, 11257, 11261, 11279, 11287, 11299
11353, 11369, 11383, 11399
11443, 11447, 11467, 11483, 11489
11551, 11579, 11587
11677, 11681, 11689, 11699
11777, 11779, 11783, 11789
11887
12227, 12239, 12241, 12251, 12253, 12263, 12269, 12277, 12281, 12289
12343, 12347, 12377, 12379
12451, 12457, 12479, 12487
12553, 12569, 12577, 12583, 12589
12689
12799
12889, 12899
13337, 13339, 13367, 13399
13457, 13463, 13469, 13477, 13487, 13499
13553, 13567, 13577
13669, 13679, 13687
13789, 13799
13883
13999
14447, 14449, 14461, 14479, 14489
14551, 14557, 14561, 14563
14669, 14683, 14699
14779
14887
15551, 15559, 15569, 15581, 15583
15661, 15667, 15679, 15683
15787
15881, 15887, 15889
16661, 16699
16787, 16883, 16889
17789
18899


22229, 22247, 22259, 22277, 22279, 22283
22343, 22349, 22367, 22369
22441, 22447, 22453, 22469, 22481, 22483
22567
22669, 22679, 22699
22777, 22787
23333, 23339, 23357, 23369, 23399
23447, 23459
23557, 23563, 23567, 23599
23663, 23669, 23677, 23687, 23689
23789, 23887, 23899
24443, 24469, 24481, 24499
24551
24677, 24683
24799
24889
25561, 25577, 25579, 25583, 25589
25667, 25679
25799
25889
25999
26669, 26681, 26683, 26687, 26699
26777
26881
27779, 27799


33343, 33347, 33349, 33353, 33359, 33377
33457, 33469, 33479, 33487
33563, 33569, 33577, 33587, 33589, 33599
33679
33889
34457, 34469, 34483, 34487, 34499
34583, 34589
34667, 34679, 34687
34883
35569
35677
35899
35999
36677, 36683
36779, 36787
36887, 36899
37799
37889


44449, 44453, 44483
44563, 44579, 44587
44683, 44687, 44699
44777, 44789
44887
45553, 45557, 45569, 45587, 45589, 45599
45667, 45677
45779
45887
46663, 46679, 46681, 46687
46889
47777, 47779
48883, 48889
49999


55579, 55589
55661, 55663, 55667, 55681
55787, 55799
55889
56663, 56681, 56687
56779
56999
57787
57899
58889
59999


66683, 66883, 66889, 67777, 67789, 68881, 68899


77899, 77999, 78887, 78889, 79999


88883
