111127, 111143, 111149, 111187, 111227, 111229, 111263, 111269, 111337, 111347, 111443, 111467, 111487, 111577, 111599, 111667, 111779, 111799
112223, 112237, 112241, 112247, 112249, 112261, 112279, 112289, 112337, 112339, 112349, 112363, 112459, 112481, 112559, 112577, 112589, 112663, 112687, 112787, 112799
113357, 113359, 113363, 113383, 113467, 113489, 113557, 113567, 113683, 113777, 113779, 113899
114467, 114479, 114487, 114577, 114599, 114661, 114679, 114689, 114799, 114883, 114889
115589, 115679, 115777
116663, 116681, 116687, 116689, 116789, 116881
117779, 117787, 117889, 117899
122263, 122267, 122279, 122299, 122347, 122363, 122387, 122389, 122399, 122443, 122449, 122477, 122489, 122557, 122579, 122599, 122663, 122777, 122789, 122887
123377, 123379, 123449, 123457, 123479, 123499, 123667, 123677, 123787, 123887
124447, 124459, 124477, 124489, 124567, 124577, 124669, 124679, 124699, 124777, 124799
125669, 125687, 125777, 125789, 125887, 125899, 126683
133337, 133349, 133379, 133387, 133447, 133499, 133559, 133669, 133999
134443, 134489, 134587, 134669, 134677, 134683, 134699, 134777, 134789, 134887, 134999
135559, 135589, 135599, 135787, 135799, 135887, 135899
136777, 136883, 136889, 136999
137777, 137999
138883, 138889, 138899
139999
144461, 144479, 144481, 144569, 144577, 144589, 144667, 144779, 144883, 144887, 144889, 144899
145577, 145589, 145679, 145687, 145777, 145799
146669, 146677, 146681, 146683, 146777
147779, 147787, 147799
155557, 155569, 155579, 155599, 155689, 155699, 155777, 155887
156677, 156679, 156799, 156887, 156899
157799, 157889, 157999
166667, 166669, 166679, 166799
167777, 167779, 167887, 167899
168887, 168899
177787, 177887, 177889
178889
179999
188999


222247, 222269, 222289, 222337, 222347, 222349, 222367, 222379, 222389, 222461, 222499, 222557, 222587, 222679, 222779, 222787, 222799, 222883
223337, 223339, 223367, 223463, 223469, 223577, 223589, 223667, 223679, 223999
224443, 224449, 224461, 224467, 224569, 224579, 224669, 224677, 224683, 224699, 224881
225569, 225689, 225779, 225889
226663, 226669, 226777, 226789, 226799
227789
228881, 228883, 228887
233347, 233357, 233477, 233489, 233557, 233599, 233663, 233669, 233683, 233687, 233689, 233777
234457, 234463, 234467, 234499, 234587, 234589, 234599, 234683, 234799
235559, 235577, 235679, 235699, 235787, 235789, 235889
236699, 236779
238883
239999
244457, 244463, 244481, 244567, 244589, 244667, 244669, 244687, 244787, 244889
245587, 245789, 245899
246661, 246683, 246689, 246787, 246889, 246899
247799, 247889, 247999
248887
255587, 255589, 255667, 255679, 255887
256687, 256699, 256799, 256889
258887
266663, 266677, 266681, 266683, 266687, 266689, 266899, 266999
267887, 267899
268883, 268999
277787, 277789, 277889, 277999
289999


333349, 333367, 333449, 333457, 333479, 333589, 333667, 333679, 333779, 333787
334447, 334487, 334667, 334699, 334777, 334787, 334889
335557, 335567, 335579, 335669, 335689, 335999
336667, 336683, 336689, 336799, 336887, 336899
337999
338999
344479, 344483, 344567, 344587, 344599, 344683, 344887
345577, 345599, 345679, 345689, 345887, 345889
346667, 346669, 346699
347779, 347887, 347899
348883, 348889
355559, 355669, 355679, 355777, 355799
356887, 356999
357779, 357787
358999
366677, 366683, 366787, 366889
367777, 367789, 367889
368899
377779, 377789, 377887, 377999
379999
389999


444461, 444463, 444469, 444487, 444557, 444569, 444589, 444677, 444883, 444887
445567, 445589, 445699, 445789, 445799
446881
447779
448883, 448999
455557, 455579, 455599, 455687, 455789, 455899, 455999
456679, 456899
457789, 457799, 457889
466777, 466787
467899
468883, 468887, 468889, 468899
477899
478999


555589, 555677, 556679, 556687, 556789, 556799, 556999, 557779, 557789, 557899, 566677, 566999, 567779, 567899, 568999, 577799, 578999


666683, 666889, 667999, 668999, 677779, 679999, 688889, 688999


788999
