11313111211
12313111211
12513111211
12613111211
13413111211
13513111211
13713111211
14113111211
14413111211
14913111211
15313111211
15813111211
17413111211
17713111211
21213111211
22213111211
22413111211
22513111211
23113111211
23613111211
24513111211
24913111211
25213111211
25813111211
26313111211
27813111211
29313111211
31413111211
32913111211
34213111211
35913111211
36613111211
38313111211
41113111211
41413111211
41713111211
41913111211
44313111211
45213111211
45313111211
46813111211
47313111211
48913111211
51513111211
52413111211
53713111211
56713111211
57513111211
58113111211
58713111211
61413111211
61713111211
61813111211
62113111211
63813111211
64213111211
65613111211
67813111211
68113111211
69313111211
69513111211
71113111211
72213111211
73213111211
73513111211
74113111211
75513111211
75813111211
78313111211
81313111211
81613111211
81913111211
82513111211
83713111211
84213111211
85813111211
87313111211
88213111211
88413111211
91513111211
93913111211
94513111211
95313111211
95613111211
95913111211
96313111211
97113111211
97213111211
97513111211
99213111211
99613111211
