11313121111
11613121111
11713121111
12213121111
13213121111
15213121111
15913121111
16113121111
16513121111
17913121111
18513121111
19213121111
21813121111
23113121111
23713121111
24213121111
25813121111
26713121111
27613121111
27813121111
28513121111
29313121111
31213121111
31413121111
31513121111
35113121111
35313121111
35413121111
37413121111
38313121111
38913121111
39813121111
41913121111
42313121111
42513121111
43113121111
43813121111
44113121111
44913121111
45213121111
46513121111
46713121111
47913121111
48313121111
49113121111
51213121111
51913121111
52213121111
53313121111
55213121111
56413121111
57213121111
57313121111
58213121111
61413121111
62613121111
63813121111
65113121111
66213121111
67113121111
67713121111
67813121111
68313121111
68613121111
72813121111
73813121111
74113121111
74613121111
75313121111
75513121111
77313121111
77413121111
79213121111
79413121111
81213121111
81313121111
81613121111
81813121111
83713121111
84613121111
85413121111
85713121111
86413121111
91113121111
92413121111
94413121111
95713121111
96313121111
96913121111
97213121111
98113121111
99313121111
